Entradas Semana

6:  4 0 2 2 1 1 1 1 1 0 1 1 1 1 1
7:  0 2 1 0 3 2 2 1 0 1 1 0 0 1 0
8:  0 1 1 1 1 2 1 1 0 1 1 4 1 2 2
9:  2 2 0 0 2 4 1 1 1 2 0 1 2 2 2
10: 2 1 0 3 3 1 0 3 1 0 3 0 1 4 2
11: 4 3 1 1 3 3 1 4 5 3 2 2 5 4 2
12: 1 6 4 2 3 5 7 3 3 8 8 5 7 3 8
13: 3 2 1 6 5 4 5 2 2 3 4 2 4 2 3
14: 6 6 3 2 2 4 5 6 5 1 5 2 4 4 2
15: 3 3 4 5 6 4 3 7 5 3 2 5 9 5 3
16: 2 9 3 1 3 8 2 5 4 5 1 4 3 9 11
17: 5 6 4 7 6 4 5 10 4 7 8 4 5 3 2
18: 3 11 8 8 5 10 6 10 13 6 10 5 7 7 6
19: 10 7 6 6 5 6 2 4 1 6 6 7 2 5 1
20: 3 5 4 4 5 6 5 8 3 5 7 5 10 1 7

Entradas Fin de Semana
6:  0 0 0 0 0 0
7:  0 0 0 0 1 0
8:  0 0 0 0 0 1
9:  1 2 0 0 0 0
10: 2 1 1 2 1 0
11: 3 3 1 1 2 4
12: 2 4 3 1 1 2
13: 6 7 2 3 8 2
14: 3 1 2 0 5 1
15: 3 4 4 2 7 3
16: 6 5 1 7 2 4
17: 6 3 4 0 1 1
18: 4 6 2 6 1 4
19: 3 7 5 3 0 3
20: 8 6 5 5 5 7

Salidas Semana
6:  3 2 2 5 3 4 3 2 4 2 4 3 0 1 4
7:  4 4 7 6 8 6 6 7 5 6 3 7 7 7 5
8:  6 8 5 6 5 4 4 6 6 2 8 5 6 6 2
9:  9 5 4 2 3 4 1 1 2 2 5 1 3 1 6
10: 2 4 0 1 3 3 6 1 3 3 1 1 4 6 3
11: 4 3 1 5 2 2 2 2 6 1 3 3 3 2 4
12: 3 2 1 1 2 4 1 3 3 7 3 5 2 2 1
13: 2 3 1 1 7 1 3 0 0 2 5 2 1 0 5
14: 5 5 2 3 4 2 2 8 3 3 3 5 5 4 0
15: 1 7 2 4 1 6 3 5 7 2 0 2 3 1 1
16: 2 7 5 2 2 2 6 5 1 2 1 3 4 8 7
17: 6 3 0 1 5 4 2 7 2 1 5 2 1 4 3
18: 1 7 4 5 1 2 2 6 4 2 3 3 5 5 2
19: 5 2 3 5 5 3 1 2 1 10 2 5 2 2 2
20: 3 4 5 1 6 4 2 4 3 2 4 3 5 1 2

Salidas Fin de Semana
6:  0 0 0 1 1 0
7:  0 3 1 0 2 0
8:  2 1 0 1 3 0
9:  3 1 0 1 5 1
10: 6 0 1 0 2 1
11: 4 5 4 1 3 3
12: 1 8 2 1 1 2
13: 2 4 5 3 0 3
14: 3 5 3 4 3 5
15: 4 1 2 0 3 5
16: 4 5 3 6 0 2
17: 3 2 6 1 4 2
18: 2 2 1 4 4 3
19: 2 2 2 2 1 3
20: 3 2 2 4 3 0